density
6
6
4
6
4
3
3
3
4
3
3
3
4
3
4
3
4
3
6
0
6
0
6
6
0
6
6
0
3
0
3
0
6
0
6
0
6
0
6
0
3
3
3
3
0
3
0
3
3
0
4
6
4
6
6
6
6
3
3
3
3
6
6
5
5
5
6
6
6
3
6
3
6
3
3
3
3
3
3
6
6
6
3
3
3
3
3
3
6
6
6
2
5
6
4
3
3
3
3
3
6
6
6
3
3
3
6
6
3
3
3
3
3
3
3
3
6
6
6
6
6
6
6
6
6
6
4
4
4
6
6
6
6
6
6
4
6
6
6
3
3
3
3
3
3
4
5
3
3
3
3
4
4
3
6
3
6
6
6
6
4
4
2
2
4
6
6
6
6
6
6
6
6
3
6
6
6
6
6
4
6
3
3
3
4
6
4
3
3
3
3
4
4
4
4
4
4
4
4
4
6
5
6
4
6
6
6
6
3
6
6
6
6
6
4
5
5
4
6
6
6
6
6
6
6
3
3
6
3
6
6
4
6
6
6
6
4
4
6
6
6
6
6
6
6
6
6
6
6
6
6
6
6
6
6
6
6
6
6
6
6
6
6
6
6
5
5
5
5
